1 0.09003072187590397
2 0.07059604816885583
3 0.05958868268031758
4 0.049683820060213754
5 0.04464032300538406
6 0.04192256636854691
7 0.040095650680811376
8 0.0379079815172476
9 0.03224481312953256
10 0.029727255305996732
11 0.02839972242325922
12 0.027301042570372427
13 0.025768143651883856
14 0.023734261204265212
15 0.021944175599378613
16 0.020546620143969796
17 0.019473742251142012
18 0.018655216093730664
19 0.01801582046229107
20 0.017490188066592333
21 0.017034424584300618
22 0.016637324672060336
23 0.016274103818528913
24 0.015948175409694402
25 0.01564643297914987
26 0.015366619560476498
27 0.0151061004266011
28 0.014862152080970178
29 0.014630330705192318
30 0.014417195282284979
31 0.014212199538700615
32 0.014014741424414357
33 0.013831305250134696
34 0.01365101929874449
35 0.013482347466879515
36 0.013313368051684538
37 0.01316376388211483
38 0.01301197423658808
39 0.012866986549107864
40 0.012725856982131911
41 0.012596952014117932
42 0.012465065403722053
43 0.01233669921377228
44 0.012217577907035496
45 0.012101800465049346
46 0.011986632637256982
47 0.011873019231228252
48 0.011766990614473569
49 0.011661737186730038
50 0.01155805114531681
